51	SRR203348.1417221	129	2L	60	7003139	11720892

51	SRR203348.7562572	129	2L	60	7003150	11720886

51	SRR203348.11656094	65	2L	60	7003156	11720897

51	SRR203348.1264480	65	2L	60	7003166	11720892

51	SRR203348.11309434	129	2L	60	7003178	11720880

51	SRR203348.11048901	65	2L	60	7003180	11720881

51	SRR203348.8928376	129	2L	60	7003182	11720876

51	SRR203348.1742957	129	2L	60	7003188	11720884

51	SRR203348.14262948	65	2L	60	7003197	11720880

51	SRR203348.9492030	129	2L	60	7003201	11720877

51	SRR203348.8234829	129	2L	60	7003202	11720847

51	SRR203348.5026150	65	2L	60	7003204	11720857

51	SRR203348.18086082	65	2L	60	7003211	11720845

51	SRR203348.12565113	129	2L	60	7003217	11720843

51	SRR203348.18601675	65	2L	60	7003228	11720846

82	SRR203348.2227859	177	2L	60	7003527	11713558

82	SRR203348.2227859	177	2L	60	7003527	11713558

82	SRR203348.18528643	177	2L	60	7003532	11713558

82	SRR203348.18528643	177	2L	60	7003532	11713558

82	SRR203348.15614541	113	2L	60	7003554	11713558

82	SRR203348.15614541	113	2L	60	7003554	11713558

82	SRR203348.9690044	177	2L	60	7003555	11713558

82	SRR203348.9690044	177	2L	60	7003555	11713558

82	SRR203348.10959791	113	2L	60	7003563	11713558

82	SRR203348.10959791	113	2L	60	7003563	11713558

82	SRR203348.9979592	177	2L	60	7003569	11713558

82	SRR203348.9979592	177	2L	60	7003569	11713558

82	SRR203348.13631535	177	2L	60	7003571	11713558

82	SRR203348.13631535	177	2L	60	7003571	11713558

82	SRR203348.15671226	177	2L	60	7003578	11713558

82	SRR203348.15671226	177	2L	60	7003578	11713558

82	SRR203348.17443014	113	2L	60	7003591	11713558

82	SRR203348.17443014	113	2L	60	7003591	11713558

67	SRR203348.13634405	129	X	24	2426334	6951740

67	SRR203348.14680816	129	X	25	2426345	6951420

67	SRR203348.3519219	65	X	60	2426370	6951423

67	SRR203348.14086877	129	X	60	2426376	6951687

67	SRR203348.10622643	129	X	60	2426391	6951549

67	SRR203348.4583123	65	X	60	2426403	6951397

99	SRR203348.11439876	177	X	60	2425102	6952926

99	SRR203348.8738545	113	X	60	2425111	6952903

99	SRR203348.2042259	113	X	60	2425144	6952861

99	SRR203348.7473622	113	X	60	2425192	6952867

99	SRR203348.8433699	177	X	60	2425223	6952820

99	SRR203348.13038519	177	X	24	2426339	6952266

99	SRR203348.3857068	113	X	25	2426341	6952276

99	SRR203348.11204329	113	X	25	2426343	6952237

99	SRR203348.16552320	113	X	54	2426361	6952237

99	SRR203348.6708348	113	X	60	2426371	6952238

99	SRR203348.9653316	177	X	60	2426391	6952234

99	SRR203348.12599231	113	X	60	2426398	6952179

11	SRR203348.6489868	65	2R	60	15390933	20276288

11	SRR203348.14246855	65	2R	60	15390935	20276295

11	SRR203348.16580948	129	2R	60	15390941	20276310

11	SRR203348.13997941	65	2R	60	15390948	20276298

11	SRR203348.8414918	129	2R	60	15390952	20276313

11	SRR203348.333823	65	2R	60	15390957	20276292

11	SRR203348.18103951	65	2R	60	15390959	20276296

11	SRR203348.1865875	129	2R	60	15391023	20276243

11	SRR203348.14122046	65	2R	60	15391050	20276195

11	SRR203348.11876798	65	2R	60	15391069	20276154

11	SRR203348.8100957	65	2R	60	15391082	20276159

11	SRR203348.9718035	65	2R	60	15391094	20276168

11	SRR203348.13444118	129	2R	60	15391108	20276140

11	SRR203348.9711723	65	2R	60	15391109	20276148

11	SRR203348.18646593	129	2R	60	15391114	20276154

11	SRR203348.5169049	129	2R	60	15391116	20276157

11	SRR203348.15108744	129	2R	60	15391129	20276120

11	SRR203348.13973661	65	2R	60	15391133	20276119

11	SRR203348.2448239	129	2R	60	15391135	20276110

11	SRR203348.14474243	65	2R	60	15391147	20276123

11	SRR203348.9655921	129	2R	60	15391150	20276075

11	SRR203348.7998093	129	2R	60	15391152	20276079

2	SRR203348.13535626	177	2R	60	15389059	20274412

2	SRR203348.13830262	113	2R	60	15389072	20274397

2	SRR203348.13257310	177	2R	60	15389075	20274407

2	SRR203348.9457073	113	2R	60	15389083	20274417

2	SRR203348.14911871	177	2R	60	15389100	20274418

2	SRR203348.9881620	113	2R	60	15389105	20274401

2	SRR203348.7508824	177	2R	60	15389111	20274454

2	SRR203348.12911675	113	2R	60	15389119	20274381

2	SRR203348.1186428	177	2R	60	15389122	20274351

2	SRR203348.11256130	177	2R	60	15389131	20274351

2	SRR203348.11534579	177	2R	60	15389137	20274358

2	SRR203348.27276	177	2R	60	15389146	20274351

2	SRR203348.12445307	177	2R	60	15389149	20274352

2	SRR203348.17109632	177	2R	60	15389159	20274351

2	SRR203348.4419961	177	2R	60	15389160	20274351

2	SRR203348.774822	177	2R	60	15389161	20274352

2	SRR203348.15618789	113	2R	60	15389165	20274351

2	SRR203348.17133101	177	2R	60	15389168	20274351

2	SRR203348.2229645	177	2R	60	15389178	20274351

2	SRR203348.12956689	177	2R	60	15389179	20274351

2	SRR203348.10868155	177	2R	60	15389184	20274351

2	SRR203348.4618734	177	2R	60	15389192	20274351

25	SRR203348.1505045	129	3R	60	8037339	21733769

25	SRR203348.5270558	129	3R	60	8037367	21733768

25	SRR203348.9570745	129	3R	60	8037368	21733734

25	SRR203348.16866771	129	3R	60	8037371	21733742

25	SRR203348.13136309	129	3R	60	8037373	21733752

25	SRR203348.16096695	129	3R	60	8037379	21733731

25	SRR203348.8556036	65	3R	60	8037405	21733716

25	SRR203348.5093248	129	3R	60	8037413	21733682

25	SRR203348.18693527	129	3R	60	8037421	21733709

25	SRR203348.18142178	129	3R	60	8037428	21733690

25	SRR203348.2424758	65	3R	60	8037453	21733677

25	SRR203348.5579159	65	3R	60	8037455	21733662

25	SRR203348.11562327	65	3R	60	8037461	21733659

25	SRR203348.17637755	65	3R	60	8037464	21733631

25	SRR203348.12742935	65	3R	60	8037471	21733634

25	SRR203348.10482691	65	3R	60	8037472	21733642

25	SRR203348.2057540	129	3R	60	8037479	21733625

25	SRR203348.8227377	65	3R	60	8037500	21733617

25	SRR203348.934208	129	3R	60	8037501	21733596

25	SRR203348.6780746	129	3R	59	8037504	21733606

25	SRR203348.329823	65	3R	55	8037507	21733632

25	SRR203348.8417245	129	3R	55	8037508	21733611

25	SRR203348.6583116	65	3R	55	8037510	21733577

25	SRR203348.5055754	129	3R	45	8037517	21733578

25	SRR203348.4722134	65	3R	43	8037518	21733580

25	SRR203348.7961589	129	3R	44	8037519	21733576

25	SRR203348.10077906	129	3R	49	8037521	21733577

25	SRR203348.13802337	129	3R	36	8037733	21733162

25	SRR203348.14362444	129	3R	36	8037736	21733154

47	SRR203348.4089472	113	3R	60	8035663	21733449

47	SRR203348.4089472	113	3R	60	8035663	21733449

47	SRR203348.4089472	113	3R	60	8035663	21733449

47	SRR203348.4089472	113	3R	60	8035663	21733449

47	SRR203348.11583479	113	3R	44	8037696	21733618

47	SRR203348.11583479	113	3R	44	8037696	21733618

47	SRR203348.11583479	113	3R	44	8037696	21733618

47	SRR203348.11583479	113	3R	44	8037696	21733618

47	SRR203348.3953061	177	3R	44	8037712	21733619

47	SRR203348.3953061	177	3R	44	8037712	21733619

47	SRR203348.3953061	177	3R	44	8037712	21733619

47	SRR203348.3953061	177	3R	44	8037712	21733619

47	SRR203348.17241788	177	3R	42	8037741	21733600

47	SRR203348.17241788	177	3R	42	8037741	21733600

47	SRR203348.17241788	177	3R	42	8037741	21733600

47	SRR203348.17241788	177	3R	42	8037741	21733600

47	SRR203348.14411514	113	3R	42	8037750	21733566

47	SRR203348.14411514	113	3R	42	8037750	21733566

47	SRR203348.14411514	113	3R	42	8037750	21733566

47	SRR203348.14411514	113	3R	42	8037750	21733566

47	SRR203348.16905997	113	3R	60	8038024	21733153

47	SRR203348.16905997	113	3R	60	8038024	21733153

47	SRR203348.16905997	113	3R	60	8038024	21733153

47	SRR203348.16905997	113	3R	60	8038024	21733153

47	SRR203348.19011458	113	3R	60	8038119	21733162

47	SRR203348.19011458	113	3R	60	8038119	21733162

47	SRR203348.19011458	113	3R	60	8038119	21733162

47	SRR203348.19011458	113	3R	60	8038119	21733162

47	SRR203348.16082294	177	3R	60	8038126	21733193

47	SRR203348.16082294	177	3R	60	8038126	21733193

47	SRR203348.16082294	177	3R	60	8038126	21733193

47	SRR203348.16082294	177	3R	60	8038126	21733193

47	SRR203348.17931351	113	3R	60	8038131	21733159

47	SRR203348.17931351	113	3R	60	8038131	21733159

47	SRR203348.17931351	113	3R	60	8038131	21733159

47	SRR203348.17931351	113	3R	60	8038131	21733159

47	SRR203348.1438310	113	3R	60	8038136	21733146

47	SRR203348.1438310	113	3R	60	8038136	21733146

47	SRR203348.1438310	113	3R	60	8038136	21733146

47	SRR203348.1438310	113	3R	60	8038136	21733146

47	SRR203348.795752	113	3R	60	8038152	21733146

47	SRR203348.795752	113	3R	60	8038152	21733146

47	SRR203348.795752	113	3R	60	8038152	21733146

47	SRR203348.795752	113	3R	60	8038152	21733146

47	SRR203348.5940706	177	3R	60	8038168	21733136

47	SRR203348.5940706	177	3R	60	8038168	21733136

47	SRR203348.5940706	177	3R	60	8038168	21733136

47	SRR203348.5940706	177	3R	60	8038168	21733136

78	SRR203348.18081605	129	3R	32	8050031	21735696

78	SRR203348.15651144	65	3R	60	8050270	21735416

78	SRR203348.18045481	129	3R	60	8050745	21734948

78	SRR203348.2969421	129	3R	60	8050752	21734945

78	SRR203348.1175847	129	3R	60	8050773	21734933

78	SRR203348.16426531	65	3R	60	8050774	21734941

78	SRR203348.17700476	65	3R	40	8050796	21734886

78	SRR203348.2162170	129	3R	30	8050804	21734894

47	SRR203348.4089472	113	3R	60	8035663	21733449

47	SRR203348.4089472	113	3R	60	8035663	21733449

47	SRR203348.4089472	113	3R	60	8035663	21733449

47	SRR203348.4089472	113	3R	60	8035663	21733449

47	SRR203348.11583479	113	3R	44	8037696	21733618

47	SRR203348.11583479	113	3R	44	8037696	21733618

47	SRR203348.11583479	113	3R	44	8037696	21733618

47	SRR203348.11583479	113	3R	44	8037696	21733618

47	SRR203348.3953061	177	3R	44	8037712	21733619

47	SRR203348.3953061	177	3R	44	8037712	21733619

47	SRR203348.3953061	177	3R	44	8037712	21733619

47	SRR203348.3953061	177	3R	44	8037712	21733619

47	SRR203348.17241788	177	3R	42	8037741	21733600

47	SRR203348.17241788	177	3R	42	8037741	21733600

47	SRR203348.17241788	177	3R	42	8037741	21733600

47	SRR203348.17241788	177	3R	42	8037741	21733600

47	SRR203348.14411514	113	3R	42	8037750	21733566

47	SRR203348.14411514	113	3R	42	8037750	21733566

47	SRR203348.14411514	113	3R	42	8037750	21733566

47	SRR203348.14411514	113	3R	42	8037750	21733566

47	SRR203348.16905997	113	3R	60	8038024	21733153

47	SRR203348.16905997	113	3R	60	8038024	21733153

47	SRR203348.16905997	113	3R	60	8038024	21733153

47	SRR203348.16905997	113	3R	60	8038024	21733153

47	SRR203348.19011458	113	3R	60	8038119	21733162

47	SRR203348.19011458	113	3R	60	8038119	21733162

47	SRR203348.19011458	113	3R	60	8038119	21733162

47	SRR203348.19011458	113	3R	60	8038119	21733162

47	SRR203348.16082294	177	3R	60	8038126	21733193

47	SRR203348.16082294	177	3R	60	8038126	21733193

47	SRR203348.16082294	177	3R	60	8038126	21733193

47	SRR203348.16082294	177	3R	60	8038126	21733193

47	SRR203348.17931351	113	3R	60	8038131	21733159

47	SRR203348.17931351	113	3R	60	8038131	21733159

47	SRR203348.17931351	113	3R	60	8038131	21733159

47	SRR203348.17931351	113	3R	60	8038131	21733159

47	SRR203348.1438310	113	3R	60	8038136	21733146

47	SRR203348.1438310	113	3R	60	8038136	21733146

47	SRR203348.1438310	113	3R	60	8038136	21733146

47	SRR203348.1438310	113	3R	60	8038136	21733146

47	SRR203348.795752	113	3R	60	8038152	21733146

47	SRR203348.795752	113	3R	60	8038152	21733146

47	SRR203348.795752	113	3R	60	8038152	21733146

47	SRR203348.795752	113	3R	60	8038152	21733146

47	SRR203348.5940706	177	3R	60	8038168	21733136

47	SRR203348.5940706	177	3R	60	8038168	21733136

47	SRR203348.5940706	177	3R	60	8038168	21733136

47	SRR203348.5940706	177	3R	60	8038168	21733136

82	SRR203348.15171609	129	3R	57	8041006	21729661

82	SRR203348.15171609	129	3R	57	8041006	21729661

82	SRR203348.6381477	129	3R	55	8041007	21729632

82	SRR203348.6381477	129	3R	55	8041007	21729632

82	SRR203348.1201013	65	3R	29	8041025	21729648

82	SRR203348.1201013	65	3R	29	8041025	21729648

82	SRR203348.17303626	129	3R	29	8041027	21729652

82	SRR203348.17303626	129	3R	29	8041027	21729652

82	SRR203348.13803233	65	3R	29	8041028	21729649

82	SRR203348.13803233	65	3R	29	8041028	21729649

82	SRR203348.13041514	65	3R	60	8041084	21729614

82	SRR203348.13041514	65	3R	60	8041084	21729614

82	SRR203348.4281769	129	3R	27	8041457	21729256

82	SRR203348.4281769	129	3R	27	8041457	21729256

47	SRR203348.4089472	113	3R	60	8035663	21733449

47	SRR203348.4089472	113	3R	60	8035663	21733449

47	SRR203348.4089472	113	3R	60	8035663	21733449

47	SRR203348.4089472	113	3R	60	8035663	21733449

47	SRR203348.11583479	113	3R	44	8037696	21733618

47	SRR203348.11583479	113	3R	44	8037696	21733618

47	SRR203348.11583479	113	3R	44	8037696	21733618

47	SRR203348.11583479	113	3R	44	8037696	21733618

47	SRR203348.3953061	177	3R	44	8037712	21733619

47	SRR203348.3953061	177	3R	44	8037712	21733619

47	SRR203348.3953061	177	3R	44	8037712	21733619

47	SRR203348.3953061	177	3R	44	8037712	21733619

47	SRR203348.17241788	177	3R	42	8037741	21733600

47	SRR203348.17241788	177	3R	42	8037741	21733600

47	SRR203348.17241788	177	3R	42	8037741	21733600

47	SRR203348.17241788	177	3R	42	8037741	21733600

47	SRR203348.14411514	113	3R	42	8037750	21733566

47	SRR203348.14411514	113	3R	42	8037750	21733566

47	SRR203348.14411514	113	3R	42	8037750	21733566

47	SRR203348.14411514	113	3R	42	8037750	21733566

47	SRR203348.16905997	113	3R	60	8038024	21733153

47	SRR203348.16905997	113	3R	60	8038024	21733153

47	SRR203348.16905997	113	3R	60	8038024	21733153

47	SRR203348.16905997	113	3R	60	8038024	21733153

47	SRR203348.19011458	113	3R	60	8038119	21733162

47	SRR203348.19011458	113	3R	60	8038119	21733162

47	SRR203348.19011458	113	3R	60	8038119	21733162

47	SRR203348.19011458	113	3R	60	8038119	21733162

47	SRR203348.16082294	177	3R	60	8038126	21733193

47	SRR203348.16082294	177	3R	60	8038126	21733193

47	SRR203348.16082294	177	3R	60	8038126	21733193

47	SRR203348.16082294	177	3R	60	8038126	21733193

47	SRR203348.17931351	113	3R	60	8038131	21733159

47	SRR203348.17931351	113	3R	60	8038131	21733159

47	SRR203348.17931351	113	3R	60	8038131	21733159

47	SRR203348.17931351	113	3R	60	8038131	21733159

47	SRR203348.1438310	113	3R	60	8038136	21733146

47	SRR203348.1438310	113	3R	60	8038136	21733146

47	SRR203348.1438310	113	3R	60	8038136	21733146

47	SRR203348.1438310	113	3R	60	8038136	21733146

47	SRR203348.795752	113	3R	60	8038152	21733146

47	SRR203348.795752	113	3R	60	8038152	21733146

47	SRR203348.795752	113	3R	60	8038152	21733146

47	SRR203348.795752	113	3R	60	8038152	21733146

47	SRR203348.5940706	177	3R	60	8038168	21733136

47	SRR203348.5940706	177	3R	60	8038168	21733136

47	SRR203348.5940706	177	3R	60	8038168	21733136

47	SRR203348.5940706	177	3R	60	8038168	21733136

419	SRR203348.6381477	129	3R	55	8041007	21729632

419	SRR203348.13041514	65	3R	60	8041084	21729614

419	SRR203348.13803233	65	3R	29	8041028	21729649

419	SRR203348.15171609	129	3R	57	8041006	21729661

419	SRR203348.16468161	129	3R	60	8041084	21729614

419	SRR203348.17303626	129	3R	29	8041027	21729652

419	SRR203348.17392694	65	3R	29	8041027	21729678

47	SRR203348.4089472	113	3R	60	8035663	21733449

47	SRR203348.4089472	113	3R	60	8035663	21733449

47	SRR203348.4089472	113	3R	60	8035663	21733449

47	SRR203348.4089472	113	3R	60	8035663	21733449

47	SRR203348.11583479	113	3R	44	8037696	21733618

47	SRR203348.11583479	113	3R	44	8037696	21733618

47	SRR203348.11583479	113	3R	44	8037696	21733618

47	SRR203348.11583479	113	3R	44	8037696	21733618

47	SRR203348.3953061	177	3R	44	8037712	21733619

47	SRR203348.3953061	177	3R	44	8037712	21733619

47	SRR203348.3953061	177	3R	44	8037712	21733619

47	SRR203348.3953061	177	3R	44	8037712	21733619

47	SRR203348.17241788	177	3R	42	8037741	21733600

47	SRR203348.17241788	177	3R	42	8037741	21733600

47	SRR203348.17241788	177	3R	42	8037741	21733600

47	SRR203348.17241788	177	3R	42	8037741	21733600

47	SRR203348.14411514	113	3R	42	8037750	21733566

47	SRR203348.14411514	113	3R	42	8037750	21733566

47	SRR203348.14411514	113	3R	42	8037750	21733566

47	SRR203348.14411514	113	3R	42	8037750	21733566

47	SRR203348.16905997	113	3R	60	8038024	21733153

47	SRR203348.16905997	113	3R	60	8038024	21733153

47	SRR203348.16905997	113	3R	60	8038024	21733153

47	SRR203348.16905997	113	3R	60	8038024	21733153

47	SRR203348.19011458	113	3R	60	8038119	21733162

47	SRR203348.19011458	113	3R	60	8038119	21733162

47	SRR203348.19011458	113	3R	60	8038119	21733162

47	SRR203348.19011458	113	3R	60	8038119	21733162

47	SRR203348.16082294	177	3R	60	8038126	21733193

47	SRR203348.16082294	177	3R	60	8038126	21733193

47	SRR203348.16082294	177	3R	60	8038126	21733193

47	SRR203348.16082294	177	3R	60	8038126	21733193

47	SRR203348.17931351	113	3R	60	8038131	21733159

47	SRR203348.17931351	113	3R	60	8038131	21733159

47	SRR203348.17931351	113	3R	60	8038131	21733159

47	SRR203348.17931351	113	3R	60	8038131	21733159

47	SRR203348.1438310	113	3R	60	8038136	21733146

47	SRR203348.1438310	113	3R	60	8038136	21733146

47	SRR203348.1438310	113	3R	60	8038136	21733146

47	SRR203348.1438310	113	3R	60	8038136	21733146

47	SRR203348.795752	113	3R	60	8038152	21733146

47	SRR203348.795752	113	3R	60	8038152	21733146

47	SRR203348.795752	113	3R	60	8038152	21733146

47	SRR203348.795752	113	3R	60	8038152	21733146

47	SRR203348.5940706	177	3R	60	8038168	21733136

47	SRR203348.5940706	177	3R	60	8038168	21733136

47	SRR203348.5940706	177	3R	60	8038168	21733136

47	SRR203348.5940706	177	3R	60	8038168	21733136

47	SRR203348.4089472	113	3R	60	8035663	21733449

47	SRR203348.4089472	113	3R	60	8035663	21733449

47	SRR203348.4089472	113	3R	60	8035663	21733449

47	SRR203348.4089472	113	3R	60	8035663	21733449

47	SRR203348.11583479	113	3R	44	8037696	21733618

47	SRR203348.11583479	113	3R	44	8037696	21733618

47	SRR203348.11583479	113	3R	44	8037696	21733618

47	SRR203348.11583479	113	3R	44	8037696	21733618

47	SRR203348.3953061	177	3R	44	8037712	21733619

47	SRR203348.3953061	177	3R	44	8037712	21733619

47	SRR203348.3953061	177	3R	44	8037712	21733619

47	SRR203348.3953061	177	3R	44	8037712	21733619

47	SRR203348.17241788	177	3R	42	8037741	21733600

47	SRR203348.17241788	177	3R	42	8037741	21733600

47	SRR203348.17241788	177	3R	42	8037741	21733600

47	SRR203348.17241788	177	3R	42	8037741	21733600

47	SRR203348.14411514	113	3R	42	8037750	21733566

47	SRR203348.14411514	113	3R	42	8037750	21733566

47	SRR203348.14411514	113	3R	42	8037750	21733566

47	SRR203348.14411514	113	3R	42	8037750	21733566

47	SRR203348.16905997	113	3R	60	8038024	21733153

47	SRR203348.16905997	113	3R	60	8038024	21733153

47	SRR203348.16905997	113	3R	60	8038024	21733153

47	SRR203348.16905997	113	3R	60	8038024	21733153

47	SRR203348.19011458	113	3R	60	8038119	21733162

47	SRR203348.19011458	113	3R	60	8038119	21733162

47	SRR203348.19011458	113	3R	60	8038119	21733162

47	SRR203348.19011458	113	3R	60	8038119	21733162

47	SRR203348.16082294	177	3R	60	8038126	21733193

47	SRR203348.16082294	177	3R	60	8038126	21733193

47	SRR203348.16082294	177	3R	60	8038126	21733193

47	SRR203348.16082294	177	3R	60	8038126	21733193

47	SRR203348.17931351	113	3R	60	8038131	21733159

47	SRR203348.17931351	113	3R	60	8038131	21733159

47	SRR203348.17931351	113	3R	60	8038131	21733159

47	SRR203348.17931351	113	3R	60	8038131	21733159

47	SRR203348.1438310	113	3R	60	8038136	21733146

47	SRR203348.1438310	113	3R	60	8038136	21733146

47	SRR203348.1438310	113	3R	60	8038136	21733146

47	SRR203348.1438310	113	3R	60	8038136	21733146

47	SRR203348.795752	113	3R	60	8038152	21733146

47	SRR203348.795752	113	3R	60	8038152	21733146

47	SRR203348.795752	113	3R	60	8038152	21733146

47	SRR203348.795752	113	3R	60	8038152	21733146

47	SRR203348.5940706	177	3R	60	8038168	21733136

47	SRR203348.5940706	177	3R	60	8038168	21733136

47	SRR203348.5940706	177	3R	60	8038168	21733136

47	SRR203348.5940706	177	3R	60	8038168	21733136

47	SRR203348.4089472	113	3R	60	8035663	21733449

47	SRR203348.4089472	113	3R	60	8035663	21733449

47	SRR203348.4089472	113	3R	60	8035663	21733449

47	SRR203348.4089472	113	3R	60	8035663	21733449

47	SRR203348.11583479	113	3R	44	8037696	21733618

47	SRR203348.11583479	113	3R	44	8037696	21733618

47	SRR203348.11583479	113	3R	44	8037696	21733618

47	SRR203348.11583479	113	3R	44	8037696	21733618

47	SRR203348.3953061	177	3R	44	8037712	21733619

47	SRR203348.3953061	177	3R	44	8037712	21733619

47	SRR203348.3953061	177	3R	44	8037712	21733619

47	SRR203348.3953061	177	3R	44	8037712	21733619

47	SRR203348.17241788	177	3R	42	8037741	21733600

47	SRR203348.17241788	177	3R	42	8037741	21733600

47	SRR203348.17241788	177	3R	42	8037741	21733600

47	SRR203348.17241788	177	3R	42	8037741	21733600

47	SRR203348.14411514	113	3R	42	8037750	21733566

47	SRR203348.14411514	113	3R	42	8037750	21733566

47	SRR203348.14411514	113	3R	42	8037750	21733566

47	SRR203348.14411514	113	3R	42	8037750	21733566

47	SRR203348.16905997	113	3R	60	8038024	21733153

47	SRR203348.16905997	113	3R	60	8038024	21733153

47	SRR203348.16905997	113	3R	60	8038024	21733153

47	SRR203348.16905997	113	3R	60	8038024	21733153

47	SRR203348.19011458	113	3R	60	8038119	21733162

47	SRR203348.19011458	113	3R	60	8038119	21733162

47	SRR203348.19011458	113	3R	60	8038119	21733162

47	SRR203348.19011458	113	3R	60	8038119	21733162

47	SRR203348.16082294	177	3R	60	8038126	21733193

47	SRR203348.16082294	177	3R	60	8038126	21733193

47	SRR203348.16082294	177	3R	60	8038126	21733193

47	SRR203348.16082294	177	3R	60	8038126	21733193

47	SRR203348.17931351	113	3R	60	8038131	21733159

47	SRR203348.17931351	113	3R	60	8038131	21733159

47	SRR203348.17931351	113	3R	60	8038131	21733159

47	SRR203348.17931351	113	3R	60	8038131	21733159

47	SRR203348.1438310	113	3R	60	8038136	21733146

47	SRR203348.1438310	113	3R	60	8038136	21733146

47	SRR203348.1438310	113	3R	60	8038136	21733146

47	SRR203348.1438310	113	3R	60	8038136	21733146

47	SRR203348.795752	113	3R	60	8038152	21733146

47	SRR203348.795752	113	3R	60	8038152	21733146

47	SRR203348.795752	113	3R	60	8038152	21733146

47	SRR203348.795752	113	3R	60	8038152	21733146

47	SRR203348.5940706	177	3R	60	8038168	21733136

47	SRR203348.5940706	177	3R	60	8038168	21733136

47	SRR203348.5940706	177	3R	60	8038168	21733136

47	SRR203348.5940706	177	3R	60	8038168	21733136

