51	129	2L	7003139	11720843	7003228	11720897	15
82	177	2L	7003527	11713558	7003591	11713558	9
67	129	X	2426334	6951397	2426403	6951740	6
99	177	X	2425102	6952179	2426398	6952926	12
11	65	2R	15390933	20276075	15391152	20276313	22
2	177	2R	15389059	20274351	15389192	20274454	22
25	129	3R	8037339	21733154	8037736	21733769	29
47	113	3R	8035663	21733136	8038168	21733619	12
78	129	3R	8050031	21734886	8050804	21735696	8
47	177	3R	8038168	21733136	8038168	21733619	12
82	129	3R	8041006	21729256	8041457	21729661	7
47	177	3R	8038168	21733136	8038168	21733619	12
419	129	3R	8041007	21729614	8041027	21729678	7
47	177	3R	8038168	21733136	8038168	21733619	12
