194	SRR203329.12536242	65	2L	60	13604007	23063123
194	SRR203329.12172084	65	2L	60	13604061	23063088
753	SRR203329.16135240	177	2L	60	13604138	23063153
753	SRR203329.12255747	177	2L	60	13604234	23063064

2	SRR203329.13500984	129	X	60	15955951	21472064
2	SRR203329.458974	129	X	20	15956109	21471943
88	SRR203329.7646781	113	X	21	15956289	21471884
88	SRR203329.909747	177	X	60	15956391	21471600

9	SRR203329.14035250	129	X	60	2425951	6952136
9	SRR203329.16757992	65	X	51	2426406	6951563
326	SRR203329.14921142	177	X	60	2425155	6952867
326	SRR203329.15863798	177	X	60	2425710	6952399

117	SRR203329.17361030	129	X	60	8451055	23020909
117	SRR203329.13337345	129	X	60	8451155	23021742
1345	SRR203329.18256352	113	X	60	8451348	23020700
1345	SRR203329.18199025	113	X	60	8451447	23021266

7	SRR203329.14166899	2225	2R	60	14589194	18774520
7	SRR203329.8507445	65	2R	60	14591331	18774215
1	SRR203329.15433108	113	2R	60	14589194	18774516
1	SRR203329.12734593	2113	2R	60	14591376	18774392

141	SRR203329.17713888	65	3R	60	8036577	21733231
141	SRR203329.15777523	129	3R	60	8036675	21733144
62	SRR203329.18242023	113	3R	32	8050251	21735846
62	SRR203329.11536001	177	3R	24	8050344	21735746

154	SRR203329.908837	65	3R	34	8043565	21728187
154	SRR203329.5818324	65	3R	21	8043604	21728153
62	SRR203329.18242023	113	3R	32	8050251	21735846
62	SRR203329.11536001	177	3R	24	8050344	21735746

237	SRR203329.1742796	2161	3R	31	443453	2833199
237	SRR203329.10551267	2161	3R	54	443483	2833169
178	SRR203329.5419238	2113	3R	23	443022	2833241
178	SRR203329.1153188	113	3R	38	443451	2833187

244	SRR203329.5026400	129	3R	49	8049110	21736550
244	SRR203329.11165627	65	3R	24	8050342	21735348
335	SRR203329.2108597	177	3R	60	8038018	21733246
335	SRR203329.2857131	113	3R	42	8040242	21730411

