117	SRR203329.17361030	129	X	60	8451055	23020909
117	SRR203329.18954532	129	X	60	8451056	23020871
117	SRR203329.11478502	65	X	60	8451063	23020488
117	SRR203329.7662183	65	X	60	8451066	23020865
117	SRR203329.19171319	129	X	60	8451070	23020871
117	SRR203329.18928423	129	X	60	8451072	23020878
117	SRR203329.13743227	65	X	60	8451081	23020878
117	SRR203329.12661043	129	X	60	8451082	23020889
117	SRR203329.16487245	65	X	60	8451083	23020878
117	SRR203329.3620370	65	X	60	8451084	23020861
117	SRR203329.15957514	129	X	60	8451085	23020861
117	SRR203329.17122275	65	X	60	8451087	23020866
117	SRR203329.9587182	65	X	60	8451106	23020861
117	SRR203329.11023188	65	X	60	8451121	23020877
117	SRR203329.13337345	129	X	60	8451155	23021742
1345	SRR203329.18256352	113	X	60	8451348	23020700
1345	SRR203329.14803256	113	X	60	8451352	23021455
1345	SRR203329.14790025	177	X	60	8451356	23021216
1345	SRR203329.15070228	177	X	60	8451429	23020685
1345	SRR203329.18199025	113	X	60	8451447	23021266
7	SRR203329.14166899	2225	2R	60	14589194	18774520
7	SRR203329.19848308	2225	2R	60	14590375	18774525
7	SRR203329.3506180	2161	2R	60	14590411	18774480
7	SRR203329.2787487	129	2R	60	14591138	18774411
7	SRR203329.9614457	129	2R	60	14591146	18774403
7	SRR203329.4589519	65	2R	60	14591153	18774411
7	SRR203329.4092837	65	2R	60	14591184	18774372
7	SRR203329.17396315	129	2R	60	14591190	18774370
7	SRR203329.7600018	129	2R	60	14591194	18774363
7	SRR203329.20215452	65	2R	60	14591196	18774363
7	SRR203329.7006612	65	2R	60	14591199	18774373
7	SRR203329.14223769	129	2R	60	14591202	18774357
7	SRR203329.13152765	65	2R	60	14591204	18774392
7	SRR203329.6292335	129	2R	60	14591206	18774325
7	SRR203329.11582418	129	2R	60	14591208	18774350
7	SRR203329.3962239	65	2R	60	14591210	18774344
7	SRR203329.8235591	65	2R	60	14591215	18774347
7	SRR203329.15466366	65	2R	60	14591219	18774320
7	SRR203329.19320951	65	2R	60	14591233	18774328
7	SRR203329.16373129	65	2R	60	14591243	18774328
7	SRR203329.17014986	129	2R	60	14591246	18774307
7	SRR203329.14151427	65	2R	60	14591248	18774302
7	SRR203329.8020418	129	2R	60	14591268	18774256
7	SRR203329.5440361	129	2R	60	14591276	18774296
7	SRR203329.121475	129	2R	60	14591289	18774225
7	SRR203329.4437902	129	2R	60	14591290	18774264
7	SRR203329.3729313	65	2R	60	14591306	18774262
7	SRR203329.11086054	129	2R	60	14591307	18774224
7	SRR203329.8167037	129	2R	60	14591323	18774231
7	SRR203329.16502505	129	2R	60	14591329	18774216
7	SRR203329.8507445	65	2R	60	14591331	18774215
1	SRR203329.15433108	113	2R	60	14589194	18774516
1	SRR203329.4214393	113	2R	60	14589195	18774480
1	SRR203329.2310974	113	2R	60	14589199	18774480
1	SRR203329.17085978	177	2R	60	14589207	18774480
1	SRR203329.2605987	177	2R	60	14589208	18774480
1	SRR203329.15371625	177	2R	60	14589217	18774480
1	SRR203329.14014837	113	2R	60	14589233	18774480
1	SRR203329.14380460	177	2R	60	14589236	18774480
1	SRR203329.12429258	177	2R	57	14589247	18774480
1	SRR203329.14166899	177	2R	60	14590368	18774520
1	SRR203329.11519126	2177	2R	60	14591260	18774363
1	SRR203329.18330590	2177	2R	60	14591347	18774212
1	SRR203329.9894499	2113	2R	60	14591352	18774232
1	SRR203329.12734593	2113	2R	60	14591376	18774392
