62	SRR834508.5222137	65	X	49	6207111	9809031
62	SRR834508.5222133	65	X	44	6207126	9809027
62	SRR834508.5222127	65	X	60	6207129	9810184
62	SRR834508.5222136	65	X	60	6207136	9808999
62	SRR834508.5222141	129	X	60	6207167	9808982
62	SRR834508.5222139	129	X	60	6207171	9808989
62	SRR834508.28551956	129	X	60	6207172	9808989
60	SRR834508.5222171	177	X	60	6207467	9808997
60	SRR834508.32741269	113	X	60	6207470	9808996
60	SRR834508.31688585	113	X	60	6207479	9808994
60	SRR834508.27912117	113	X	60	6207480	9808983
60	SRR834508.32181488	177	X	60	6207486	9808993
60	SRR834508.30395105	113	X	60	6207496	9808997
60	SRR834508.32549433	177	X	60	6207501	9808992
60	SRR834508.32983339	177	X	60	6207502	9808980
60	SRR834508.26985834	113	X	60	6207523	9808998
60	SRR834508.31221278	113	X	60	6207527	9809047
