94	SRR835063.10552896	129	3R	60	21733754	8037511
94	SRR835063.10552897	65	3R	60	21733739	8037498
94	SRR835063.10552895	65	3R	47	21733775	8037479
94	SRR835063.12129057	129	3R	60	21733729	8037478
94	SRR835063.17257398	129	3R	60	21733700	8037538
94	SRR835063.10552832	65	3R	43	21734586	8036690
90	SRR835063.10552924	113	3R	60	21733191	8038052
90	SRR835063.10552924	113	3R	60	21733191	8038052
90	SRR835063.10552922	177	3R	60	21733202	8038015
90	SRR835063.10552922	177	3R	60	21733202	8038015
90	SRR835063.17500095	113	3R	60	21733657	8037717
90	SRR835063.17500095	113	3R	60	21733657	8037717
90	SRR835063.10552903	113	3R	37	21733578	8037734
90	SRR835063.10552903	113	3R	37	21733578	8037734
90	SRR835063.10552836	113	3R	60	21734597	8036959
90	SRR835063.10552836	113	3R	60	21734597	8036959
90	SRR835063.20342815	177	3R	34	21734552	8037070
90	SRR835063.20342815	177	3R	34	21734552	8037070

332	SRR835063.12129225	129	3R	43	21735531	8050276
332	SRR835063.12129227	65	3R	43	21735551	8050255
332	SRR835063.12129228	129	3R	39	21735555	8050229
332	SRR835063.12129195	65	3R	60	21734950	8050896
332	SRR835063.20057371	2225	3R	27	21735373	8050750
90	SRR835063.10552924	113	3R	60	21733191	8038052
90	SRR835063.10552924	113	3R	60	21733191	8038052
90	SRR835063.10552922	177	3R	60	21733202	8038015
90	SRR835063.10552922	177	3R	60	21733202	8038015
90	SRR835063.17500095	113	3R	60	21733657	8037717
90	SRR835063.17500095	113	3R	60	21733657	8037717
90	SRR835063.10552903	113	3R	37	21733578	8037734
90	SRR835063.10552903	113	3R	37	21733578	8037734
90	SRR835063.10552836	113	3R	60	21734597	8036959
90	SRR835063.10552836	113	3R	60	21734597	8036959
90	SRR835063.20342815	177	3R	34	21734552	8037070
90	SRR835063.20342815	177	3R	34	21734552	8037070


354	SRR835063.17797086	65	3L	60	27912409	25490563
354	SRR835063.7515594	65	3L	60	27912405	25490540
354	SRR835063.18415407	129	3L	60	27912411	25490603
354	SRR835063.13587120	129	3L	60	27912354	25490614
354	SRR835063.17504054	65	3L	60	27912407	25490617
354	SRR835063.13587119	65	3L	60	27912363	25490594
336	SRR835063.13587104	177	3L	60	27912495	25490615
336	SRR835063.13587099	113	3L	60	27912499	25490575
336	SRR835063.13587098	177	3L	60	27912499	25490597
336	SRR835063.13587103	177	3L	60	27912498	25490572
336	SRR835063.13587117	113	3L	60	27912517	25490545
336	SRR835063.13587090	177	3L	60	27912509	25490614
336	SRR835063.13587097	113	3L	60	27912500	25490595
336	SRR835063.13587086	177	3L	60	27912532	25490584
336	SRR835063.16987925	113	3L	60	27912495	25490581
336	SRR835063.18138206	177	3L	60	27912495	25490574
336	SRR835063.16584348	113	3L	49	27912495	25490581

225	SRR835063.18929428	129	2R	60	18836515	12515473
225	SRR835063.16665951	129	2R	60	18836463	12515558
225	SRR835063.16606155	129	2R	60	18836510	12515568
225	SRR835063.18961150	65	2R	60	18836507	12515545
225	SRR835063.19400190	129	2R	60	18836563	12515477
225	SRR835063.9389764	65	2R	60	18836456	12515583
225	SRR835063.18242834	65	2R	60	18836531	12515458
225	SRR835063.20474934	129	2R	60	18836490	12515563
225	SRR835063.16543328	65	2R	60	18836509	12515487
225	SRR835063.17611521	65	2R	60	18836511	12515538
225	SRR835063.9389760	129	2R	60	18836449	12515603
225	SRR835063.21083915	129	2R	60	18836434	12515601
134	SRR835063.9389769	113	2R	60	18836612	12515731
134	SRR835063.18500857	113	2R	60	18836609	12515668
134	SRR835063.8695320	113	2R	60	18836611	12515686
134	SRR835063.18912169	113	2R	60	18836611	12515658
134	SRR835063.16930708	113	2R	60	18836615	12515712
134	SRR835063.18653949	113	2R	60	18836611	12515706
134	SRR835063.8695317	113	2R	60	18836611	12515671
134	SRR835063.8695319	177	2R	60	18836611	12515683


349	SRR835063.14389098	129	2R	60	2797249	1507318
349	SRR835063.14389099	129	2R	60	2797232	1507286
349	SRR835063.14389086	129	2R	60	2797281	1507262
349	SRR835063.14389093	129	2R	60	2797261	1507294
349	SRR835063.14389083	129	2R	57	2797294	1507257
349	SRR835063.14389095	129	2R	52	2797253	1507231
349	SRR835063.13464924	65	2R	48	2797236	1507265
349	SRR835063.13464923	65	2R	60	2797261	1507309
349	SRR835063.13464922	65	2R	35	2797208	1507297
349	SRR835063.13464918	65	2R	60	2797227	1507331
349	SRR835063.13464920	65	2R	35	2797207	1507324
327	SRR835063.14388978	177	2R	49	2797576	1506862
327	SRR835063.14388980	113	2R	60	2797652	1506865
327	SRR835063.14388983	177	2R	42	2797589	1506879
327	SRR835063.13464940	113	2R	60	2797605	1506848
327	SRR835063.13464944	113	2R	60	2797644	1506866
327	SRR835063.14388977	177	2R	60	2797625	1506858
327	SRR835063.13464932	113	2R	23	2797550	1506864
327	SRR835063.13464937	113	2R	60	2797591	1506853

475	SRR835063.20515812	65	2R	60	20276301	15391054
475	SRR835063.20188223	129	2R	60	20276190	15391169
475	SRR835063.17993140	129	2R	60	20276266	15391127
475	SRR835063.20936866	65	2R	60	20276312	15391059
475	SRR835063.19326205	129	2R	60	20276335	15391077
163	SRR835063.20587639	177	2R	60	20274640	15389123
163	SRR835063.9548681	177	2R	60	20274652	15389100
163	SRR835063.9548684	177	2R	60	20274661	15389101
163	SRR835063.9548687	113	2R	60	20274670	15389106
163	SRR835063.19108956	113	2R	30	20274728	15389101
163	SRR835063.9548688	113	2R	60	20274672	15389130
163	SRR835063.18540901	113	2R	60	20274640	15389143
163	SRR835063.9011508	113	2R	60	20274640	15389190
163	SRR835063.18478011	113	2R	60	20274768	15389143
163	SRR835063.17533984	113	2R	60	20274673	15389130

3	SRR835063.14517509	65	Y	29	1642409	124499
3	SRR835063.14509327	65	Y	36	1642416	124495
3	SRR835063.14520540	129	Y	32	1642414	124493
3	SRR835063.14529717	129	Y	33	1642413	124574
3	SRR835063.14513875	129	Y	36	1642415	124384
3	SRR835063.14517675	129	Y	20	1642396	124498
3	SRR835063.14527674	129	Y	50	1642399	124499
3	SRR835063.14545550	129	Y	29	1642408	124498
3	SRR835063.14525552	65	Y	21	1642415	124499
3	SRR835063.14501050	129	Y	29	1642423	124499
3	SRR835063.14507623	129	Y	59	1642409	124477
3	SRR835063.14513258	129	Y	48	1642414	124488
3	SRR835063.14518237	129	Y	33	1642406	124499
3	SRR835063.14509609	65	Y	33	1642412	124498
3	SRR835063.14531597	65	Y	27	1642424	124496
3	SRR835063.14503741	129	Y	20	1642411	124499
3	SRR835063.14534523	129	Y	32	1642410	124495
3	SRR835063.14509788	129	Y	44	1642418	124492
3	SRR835063.14519351	129	Y	22	1642418	124486
3	SRR835063.15035837	129	Y	25	1642425	124349
3	SRR835063.14524048	129	Y	26	1642423	124499
3	SRR835063.14500918	129	Y	21	1642413	124499
3	SRR835063.14538455	129	Y	57	1642399	124492
3	SRR835063.14531063	129	Y	20	1642409	124430
3	SRR835063.14505538	129	Y	32	1642409	124492
3	SRR835063.14503019	129	Y	37	1642405	124495
3	SRR835063.14504374	129	Y	22	1642411	124354
3	SRR835063.14508959	129	Y	30	1642401	124498
3	SRR835063.14512625	129	Y	20	1642411	124492
3	SRR835063.14513749	129	Y	24	1642411	124499
3	SRR835063.14524669	129	Y	36	1642402	124495
3	SRR835063.14537911	129	Y	20	1642408	124486
3	SRR835063.14531241	129	Y	21	1642413	124499
3	SRR835063.14520191	129	Y	20	1642408	124495
3	SRR835063.14543511	129	Y	24	1642404	124492
3	SRR835063.14534004	129	Y	23	1642411	124484
3	SRR835063.14516826	129	Y	27	1642407	124633
3	SRR835063.14535685	129	Y	30	1642414	124492
3	SRR835063.14527006	65	Y	28	1642395	124499
3	SRR835063.14536371	129	Y	42	1642414	124482
3	SRR835063.14521055	129	Y	46	1642408	124499
3	SRR835063.14513045	129	Y	33	1642402	124499
3	SRR835063.14520940	129	Y	40	1642418	124475
3	SRR835063.14515321	129	Y	27	1642418	124499
3	SRR835063.14525787	129	Y	36	1642418	124492
3	SRR835063.14540214	65	Y	20	1642410	124485
3	SRR835063.14535369	129	Y	31	1642404	124499
3	SRR835063.14529114	129	Y	34	1642405	124499
3	SRR835063.14519517	129	Y	27	1642418	124495
3	SRR835063.14503176	129	Y	20	1642405	124499
3	SRR835063.14521894	129	Y	28	1642406	124499
3	SRR835063.14527870	129	Y	30	1642415	124498
3	SRR835063.14534370	129	Y	21	1642411	124496
3	SRR835063.14516404	129	Y	29	1642407	124486
3	SRR835063.14530360	65	Y	31	1642406	124495
3	SRR835063.14530950	65	Y	33	1642415	124496
3	SRR835063.14512007	129	Y	30	1642412	124496
3	SRR835063.14518210	65	Y	20	1642411	124499
3	SRR835063.14540109	65	Y	27	1642414	124496
3	SRR835063.14516330	129	Y	38	1642412	124492
3	SRR835063.14522919	129	Y	36	1642413	124496
3	SRR835063.14529882	129	Y	20	1642410	124498
3	SRR835063.14514225	129	Y	28	1642420	124496
3	SRR835063.14514856	129	Y	27	1642430	124492
3	SRR835063.14534603	129	Y	33	1642415	124495
3	SRR835063.14542155	129	Y	41	1642418	124492
3	SRR835063.14503839	129	Y	21	1642402	124489
3	SRR835063.14515306	129	Y	30	1642415	124499
3	SRR835063.14523493	129	Y	27	1642415	124498
3	SRR835063.14528006	129	Y	20	1642411	124496
3	SRR835063.14537205	129	Y	43	1642409	124451
3	SRR835063.14532239	129	Y	30	1642403	124496
3	SRR835063.14530914	129	Y	27	1642417	124496
3	SRR835063.14539028	129	Y	24	1642408	124498
3	SRR835063.14526200	129	Y	47	1642387	124484
3	SRR835063.14538259	129	Y	35	1642399	124424
3	SRR835063.14526671	129	Y	33	1642401	124496
3	SRR835063.14503952	129	Y	24	1642423	124498
3	SRR835063.14514271	129	Y	26	1642410	124496
3	SRR835063.14504413	129	Y	41	1642410	124494
3	SRR835063.14500891	65	Y	31	1642418	124495
3	SRR835063.14501587	129	Y	32	1642410	124495
3	SRR835063.14544401	65	Y	44	1642419	124496
3	SRR835063.14516694	129	Y	27	1642413	124499
3	SRR835063.14511204	65	Y	31	1642418	124492
3	SRR835063.14501315	129	Y	30	1642413	124492
3	SRR835063.14518294	129	Y	26	1642408	124448
0	SRR835063.14500431	113	Y	60	1642403	124353
0	SRR835063.18806606	113	Y	23	1642133	124353
0	SRR835063.14528136	113	Y	33	1642370	124350
0	SRR835063.14528897	113	Y	60	1642134	124355
0	SRR835063.15716061	113	Y	60	1642425	124353
0	SRR835063.14249785	113	Y	24	1642134	124353
0	SRR835063.14541268	113	Y	56	1642381	124351
0	SRR835063.14509514	113	Y	60	1642382	124336


