129	3R	21733700	8036690	21734586	8037538	6
113	3R	21733191	8036959	21734597	8038052	6

65	3R	21734950	8050229	21735555	8050896	5
113	3R	21733191	8036959	21734597	8038052	6

129	3L	27912354	25490540	27912411	25490617	6
177	3L	27912495	25490545	27912532	25490615	11

129	2R	18836434	12515458	18836563	12515603	12
113	2R	18836609	12515658	18836615	12515731	8

65	2R	2797207	1507231	2797294	1507331	11
113	2R	2797550	1506848	2797652	1506879	8

129	2R	20276190	15391054	20276335	15391169	5
177	2R	20274640	15389100	20274768	15389190	10

129	Y	1642387	124349	1642430	124633	87
113	Y	1642133	124336	1642425	124355	8

