82	SRR203348.2227859	177	2L	60	7003527	11713558
82	SRR203348.18528643	177	2L	60	7003532	11713558
82	SRR203348.15614541	113	2L	60	7003554	11713558
82	SRR203348.9690044	177	2L	60	7003555	11713558
82	SRR203348.10959791	113	2L	60	7003563	11713558
82	SRR203348.9979592	177	2L	60	7003569	11713558
82	SRR203348.13631535	177	2L	60	7003571	11713558
82	SRR203348.15671226	177	2L	60	7003578	11713558
82	SRR203348.17443014	113	2L	60	7003591	11713558
0	SRR203348.2542294	65	X	60	8451037	23020883
0	SRR203348.855	65	X	60	8451067	23020846
0	SRR203348.14862132	65	X	60	8451069	23021698
0	SRR203348.5853826	129	X	60	8451077	23020880
0	SRR203348.16350543	65	X	60	8451081	23020846
0	SRR203348.15605173	129	X	60	8451082	23020855
0	SRR203348.6993248	129	X	60	8451083	23020849
0	SRR203348.17935480	129	X	60	8451087	23020848
0	SRR203348.7654678	129	X	60	8451091	23020845
0	SRR203348.1925474	129	X	60	8451096	23021697
0	SRR203348.16127747	129	X	60	8451099	23021706
0	SRR203348.4501131	129	X	60	8451100	23021697
0	SRR203348.3641807	65	X	60	8451118	23020869
0	SRR203348.15729777	129	X	60	8451125	23021718
0	SRR203348.8041566	129	X	60	8451127	23021706
0	SRR203348.14561752	65	X	60	8451131	23021706
0	SRR203348.14624307	65	X	60	8451140	23021730
0	SRR203348.14433243	65	X	60	8451153	23020893
93	SRR203348.10230450	113	X	60	8451350	23021412
93	SRR203348.18126422	177	X	60	8451351	23020780
93	SRR203348.8168525	177	X	60	8451360	23020503
93	SRR203348.13653838	177	X	60	8451381	23020503
93	SRR203348.15867637	177	X	60	8451382	23020622
93	SRR203348.18416340	177	X	60	8451392	23020502
93	SRR203348.18066957	177	X	60	8451400	23020695
93	SRR203348.10440336	177	X	60	8451422	23021526
93	SRR203348.13656644	113	X	60	8451428	23020758
93	SRR203348.4065717	113	X	60	8451429	23020501
93	SRR203348.13195630	113	X	60	8451432	23021429
93	SRR203348.8529056	177	X	60	8451434	23021578
93	SRR203348.11655479	113	X	60	8451439	23020581
93	SRR203348.16582839	113	X	60	8451444	23020661
93	SRR203348.14290720	177	X	60	8451448	23021418
93	SRR203348.15977466	177	X	60	8451451	23021494
11	SRR203348.6489868	65	2R	60	15390933	20276288
11	SRR203348.14246855	65	2R	60	15390935	20276295
11	SRR203348.16580948	129	2R	60	15390941	20276310
11	SRR203348.13997941	65	2R	60	15390948	20276298
11	SRR203348.8414918	129	2R	60	15390952	20276313
11	SRR203348.333823	65	2R	60	15390957	20276292
11	SRR203348.18103951	65	2R	60	15390959	20276296
11	SRR203348.1865875	129	2R	60	15391023	20276243
11	SRR203348.14122046	65	2R	60	15391050	20276195
11	SRR203348.11876798	65	2R	60	15391069	20276154
11	SRR203348.8100957	65	2R	60	15391082	20276159
11	SRR203348.9718035	65	2R	60	15391094	20276168
11	SRR203348.13444118	129	2R	60	15391108	20276140
11	SRR203348.9711723	65	2R	60	15391109	20276148
11	SRR203348.18646593	129	2R	60	15391114	20276154
11	SRR203348.5169049	129	2R	60	15391116	20276157
11	SRR203348.15108744	129	2R	60	15391129	20276120
11	SRR203348.13973661	65	2R	60	15391133	20276119
11	SRR203348.2448239	129	2R	60	15391135	20276110
11	SRR203348.14474243	65	2R	60	15391147	20276123
11	SRR203348.9655921	129	2R	60	15391150	20276075
11	SRR203348.7998093	129	2R	60	15391152	20276079
2	SRR203348.13535626	177	2R	60	15389059	20274412
2	SRR203348.13830262	113	2R	60	15389072	20274397
2	SRR203348.13257310	177	2R	60	15389075	20274407
2	SRR203348.9457073	113	2R	60	15389083	20274417
2	SRR203348.14911871	177	2R	60	15389100	20274418
2	SRR203348.9881620	113	2R	60	15389105	20274401
2	SRR203348.7508824	177	2R	60	15389111	20274454
2	SRR203348.12911675	113	2R	60	15389119	20274381
2	SRR203348.1186428	177	2R	60	15389122	20274351
2	SRR203348.11256130	177	2R	60	15389131	20274351
2	SRR203348.11534579	177	2R	60	15389137	20274358
2	SRR203348.27276	177	2R	60	15389146	20274351
2	SRR203348.12445307	177	2R	60	15389149	20274352
2	SRR203348.17109632	177	2R	60	15389159	20274351
2	SRR203348.4419961	177	2R	60	15389160	20274351
2	SRR203348.774822	177	2R	60	15389161	20274352
2	SRR203348.15618789	113	2R	60	15389165	20274351
2	SRR203348.17133101	177	2R	60	15389168	20274351
2	SRR203348.2229645	177	2R	60	15389178	20274351
2	SRR203348.12956689	177	2R	60	15389179	20274351
2	SRR203348.10868155	177	2R	60	15389184	20274351
2	SRR203348.4618734	177	2R	60	15389192	20274351
25	SRR203348.1505045	129	3R	60	8037339	21733769
25	SRR203348.5270558	129	3R	60	8037367	21733768
25	SRR203348.9570745	129	3R	60	8037368	21733734
25	SRR203348.16866771	129	3R	60	8037371	21733742
25	SRR203348.13136309	129	3R	60	8037373	21733752
25	SRR203348.16096695	129	3R	60	8037379	21733731
25	SRR203348.8556036	65	3R	60	8037405	21733716
25	SRR203348.5093248	129	3R	60	8037413	21733682
25	SRR203348.18693527	129	3R	60	8037421	21733709
25	SRR203348.18142178	129	3R	60	8037428	21733690
25	SRR203348.2424758	65	3R	60	8037453	21733677
25	SRR203348.5579159	65	3R	60	8037455	21733662
25	SRR203348.11562327	65	3R	60	8037461	21733659
25	SRR203348.17637755	65	3R	60	8037464	21733631
25	SRR203348.12742935	65	3R	60	8037471	21733634
25	SRR203348.10482691	65	3R	60	8037472	21733642
25	SRR203348.2057540	129	3R	60	8037479	21733625
25	SRR203348.8227377	65	3R	60	8037500	21733617
25	SRR203348.934208	129	3R	60	8037501	21733596
25	SRR203348.6780746	129	3R	59	8037504	21733606
25	SRR203348.329823	65	3R	55	8037507	21733632
25	SRR203348.8417245	129	3R	55	8037508	21733611
25	SRR203348.6583116	65	3R	55	8037510	21733577
25	SRR203348.5055754	129	3R	45	8037517	21733578
25	SRR203348.4722134	65	3R	43	8037518	21733580
25	SRR203348.7961589	129	3R	44	8037519	21733576
25	SRR203348.10077906	129	3R	49	8037521	21733577
25	SRR203348.13802337	129	3R	36	8037733	21733162
25	SRR203348.14362444	129	3R	36	8037736	21733154
47	SRR203348.4089472	113	3R	60	8035663	21733449
47	SRR203348.4089472	113	3R	60	8035663	21733449
47	SRR203348.4089472	113	3R	60	8035663	21733449
47	SRR203348.4089472	113	3R	60	8035663	21733449
47	SRR203348.4089472	113	3R	60	8035663	21733449
47	SRR203348.4089472	113	3R	60	8035663	21733449
47	SRR203348.11583479	113	3R	44	8037696	21733618
47	SRR203348.11583479	113	3R	44	8037696	21733618
47	SRR203348.11583479	113	3R	44	8037696	21733618
47	SRR203348.11583479	113	3R	44	8037696	21733618
47	SRR203348.11583479	113	3R	44	8037696	21733618
47	SRR203348.11583479	113	3R	44	8037696	21733618
47	SRR203348.3953061	177	3R	44	8037712	21733619
47	SRR203348.3953061	177	3R	44	8037712	21733619
47	SRR203348.3953061	177	3R	44	8037712	21733619
47	SRR203348.3953061	177	3R	44	8037712	21733619
47	SRR203348.3953061	177	3R	44	8037712	21733619
47	SRR203348.3953061	177	3R	44	8037712	21733619
47	SRR203348.17241788	177	3R	42	8037741	21733600
47	SRR203348.17241788	177	3R	42	8037741	21733600
47	SRR203348.17241788	177	3R	42	8037741	21733600
47	SRR203348.17241788	177	3R	42	8037741	21733600
47	SRR203348.17241788	177	3R	42	8037741	21733600
47	SRR203348.17241788	177	3R	42	8037741	21733600
47	SRR203348.14411514	113	3R	42	8037750	21733566
47	SRR203348.14411514	113	3R	42	8037750	21733566
47	SRR203348.14411514	113	3R	42	8037750	21733566
47	SRR203348.14411514	113	3R	42	8037750	21733566
47	SRR203348.14411514	113	3R	42	8037750	21733566
47	SRR203348.14411514	113	3R	42	8037750	21733566
47	SRR203348.16905997	113	3R	60	8038024	21733153
47	SRR203348.16905997	113	3R	60	8038024	21733153
47	SRR203348.16905997	113	3R	60	8038024	21733153
47	SRR203348.16905997	113	3R	60	8038024	21733153
47	SRR203348.16905997	113	3R	60	8038024	21733153
47	SRR203348.16905997	113	3R	60	8038024	21733153
47	SRR203348.19011458	113	3R	60	8038119	21733162
47	SRR203348.19011458	113	3R	60	8038119	21733162
47	SRR203348.19011458	113	3R	60	8038119	21733162
47	SRR203348.19011458	113	3R	60	8038119	21733162
47	SRR203348.19011458	113	3R	60	8038119	21733162
47	SRR203348.19011458	113	3R	60	8038119	21733162
47	SRR203348.16082294	177	3R	60	8038126	21733193
47	SRR203348.16082294	177	3R	60	8038126	21733193
47	SRR203348.16082294	177	3R	60	8038126	21733193
47	SRR203348.16082294	177	3R	60	8038126	21733193
47	SRR203348.16082294	177	3R	60	8038126	21733193
47	SRR203348.16082294	177	3R	60	8038126	21733193
47	SRR203348.17931351	113	3R	60	8038131	21733159
47	SRR203348.17931351	113	3R	60	8038131	21733159
47	SRR203348.17931351	113	3R	60	8038131	21733159
47	SRR203348.17931351	113	3R	60	8038131	21733159
47	SRR203348.17931351	113	3R	60	8038131	21733159
47	SRR203348.17931351	113	3R	60	8038131	21733159
47	SRR203348.1438310	113	3R	60	8038136	21733146
47	SRR203348.1438310	113	3R	60	8038136	21733146
47	SRR203348.1438310	113	3R	60	8038136	21733146
47	SRR203348.1438310	113	3R	60	8038136	21733146
47	SRR203348.1438310	113	3R	60	8038136	21733146
47	SRR203348.1438310	113	3R	60	8038136	21733146
47	SRR203348.795752	113	3R	60	8038152	21733146
47	SRR203348.795752	113	3R	60	8038152	21733146
47	SRR203348.795752	113	3R	60	8038152	21733146
47	SRR203348.795752	113	3R	60	8038152	21733146
47	SRR203348.795752	113	3R	60	8038152	21733146
47	SRR203348.795752	113	3R	60	8038152	21733146
47	SRR203348.5940706	177	3R	60	8038168	21733136
47	SRR203348.5940706	177	3R	60	8038168	21733136
47	SRR203348.5940706	177	3R	60	8038168	21733136
47	SRR203348.5940706	177	3R	60	8038168	21733136
47	SRR203348.5940706	177	3R	60	8038168	21733136
47	SRR203348.5940706	177	3R	60	8038168	21733136
78	SRR203348.18081605	129	3R	32	8050031	21735696
78	SRR203348.15651144	65	3R	60	8050270	21735416
78	SRR203348.18045481	129	3R	60	8050745	21734948
78	SRR203348.2969421	129	3R	60	8050752	21734945
78	SRR203348.1175847	129	3R	60	8050773	21734933
78	SRR203348.16426531	65	3R	60	8050774	21734941
78	SRR203348.17700476	65	3R	40	8050796	21734886
78	SRR203348.2162170	129	3R	30	8050804	21734894
47	SRR203348.4089472	113	3R	60	8035663	21733449
47	SRR203348.4089472	113	3R	60	8035663	21733449
47	SRR203348.4089472	113	3R	60	8035663	21733449
47	SRR203348.4089472	113	3R	60	8035663	21733449
47	SRR203348.4089472	113	3R	60	8035663	21733449
47	SRR203348.4089472	113	3R	60	8035663	21733449
47	SRR203348.11583479	113	3R	44	8037696	21733618
47	SRR203348.11583479	113	3R	44	8037696	21733618
47	SRR203348.11583479	113	3R	44	8037696	21733618
47	SRR203348.11583479	113	3R	44	8037696	21733618
47	SRR203348.11583479	113	3R	44	8037696	21733618
47	SRR203348.11583479	113	3R	44	8037696	21733618
47	SRR203348.3953061	177	3R	44	8037712	21733619
47	SRR203348.3953061	177	3R	44	8037712	21733619
47	SRR203348.3953061	177	3R	44	8037712	21733619
47	SRR203348.3953061	177	3R	44	8037712	21733619
47	SRR203348.3953061	177	3R	44	8037712	21733619
47	SRR203348.3953061	177	3R	44	8037712	21733619
47	SRR203348.17241788	177	3R	42	8037741	21733600
47	SRR203348.17241788	177	3R	42	8037741	21733600
47	SRR203348.17241788	177	3R	42	8037741	21733600
47	SRR203348.17241788	177	3R	42	8037741	21733600
47	SRR203348.17241788	177	3R	42	8037741	21733600
47	SRR203348.17241788	177	3R	42	8037741	21733600
47	SRR203348.14411514	113	3R	42	8037750	21733566
47	SRR203348.14411514	113	3R	42	8037750	21733566
47	SRR203348.14411514	113	3R	42	8037750	21733566
47	SRR203348.14411514	113	3R	42	8037750	21733566
47	SRR203348.14411514	113	3R	42	8037750	21733566
47	SRR203348.14411514	113	3R	42	8037750	21733566
47	SRR203348.16905997	113	3R	60	8038024	21733153
47	SRR203348.16905997	113	3R	60	8038024	21733153
47	SRR203348.16905997	113	3R	60	8038024	21733153
47	SRR203348.16905997	113	3R	60	8038024	21733153
47	SRR203348.16905997	113	3R	60	8038024	21733153
47	SRR203348.16905997	113	3R	60	8038024	21733153
47	SRR203348.19011458	113	3R	60	8038119	21733162
47	SRR203348.19011458	113	3R	60	8038119	21733162
47	SRR203348.19011458	113	3R	60	8038119	21733162
47	SRR203348.19011458	113	3R	60	8038119	21733162
47	SRR203348.19011458	113	3R	60	8038119	21733162
47	SRR203348.19011458	113	3R	60	8038119	21733162
47	SRR203348.16082294	177	3R	60	8038126	21733193
47	SRR203348.16082294	177	3R	60	8038126	21733193
47	SRR203348.16082294	177	3R	60	8038126	21733193
47	SRR203348.16082294	177	3R	60	8038126	21733193
47	SRR203348.16082294	177	3R	60	8038126	21733193
47	SRR203348.16082294	177	3R	60	8038126	21733193
47	SRR203348.17931351	113	3R	60	8038131	21733159
47	SRR203348.17931351	113	3R	60	8038131	21733159
47	SRR203348.17931351	113	3R	60	8038131	21733159
47	SRR203348.17931351	113	3R	60	8038131	21733159
47	SRR203348.17931351	113	3R	60	8038131	21733159
47	SRR203348.17931351	113	3R	60	8038131	21733159
47	SRR203348.1438310	113	3R	60	8038136	21733146
47	SRR203348.1438310	113	3R	60	8038136	21733146
47	SRR203348.1438310	113	3R	60	8038136	21733146
47	SRR203348.1438310	113	3R	60	8038136	21733146
47	SRR203348.1438310	113	3R	60	8038136	21733146
47	SRR203348.1438310	113	3R	60	8038136	21733146
47	SRR203348.795752	113	3R	60	8038152	21733146
47	SRR203348.795752	113	3R	60	8038152	21733146
47	SRR203348.795752	113	3R	60	8038152	21733146
47	SRR203348.795752	113	3R	60	8038152	21733146
47	SRR203348.795752	113	3R	60	8038152	21733146
47	SRR203348.795752	113	3R	60	8038152	21733146
47	SRR203348.5940706	177	3R	60	8038168	21733136
47	SRR203348.5940706	177	3R	60	8038168	21733136
47	SRR203348.5940706	177	3R	60	8038168	21733136
47	SRR203348.5940706	177	3R	60	8038168	21733136
47	SRR203348.5940706	177	3R	60	8038168	21733136
47	SRR203348.5940706	177	3R	60	8038168	21733136
82	SRR203348.15171609	129	3R	57	8041006	21729661
82	SRR203348.6381477	129	3R	55	8041007	21729632
82	SRR203348.1201013	65	3R	29	8041025	21729648
82	SRR203348.17303626	129	3R	29	8041027	21729652
82	SRR203348.13803233	65	3R	29	8041028	21729649
82	SRR203348.13041514	65	3R	60	8041084	21729614
82	SRR203348.4281769	129	3R	27	8041457	21729256
47	SRR203348.4089472	113	3R	60	8035663	21733449
47	SRR203348.4089472	113	3R	60	8035663	21733449
47	SRR203348.4089472	113	3R	60	8035663	21733449
47	SRR203348.4089472	113	3R	60	8035663	21733449
47	SRR203348.4089472	113	3R	60	8035663	21733449
47	SRR203348.4089472	113	3R	60	8035663	21733449
47	SRR203348.11583479	113	3R	44	8037696	21733618
47	SRR203348.11583479	113	3R	44	8037696	21733618
47	SRR203348.11583479	113	3R	44	8037696	21733618
47	SRR203348.11583479	113	3R	44	8037696	21733618
47	SRR203348.11583479	113	3R	44	8037696	21733618
47	SRR203348.11583479	113	3R	44	8037696	21733618
47	SRR203348.3953061	177	3R	44	8037712	21733619
47	SRR203348.3953061	177	3R	44	8037712	21733619
47	SRR203348.3953061	177	3R	44	8037712	21733619
47	SRR203348.3953061	177	3R	44	8037712	21733619
47	SRR203348.3953061	177	3R	44	8037712	21733619
47	SRR203348.3953061	177	3R	44	8037712	21733619
47	SRR203348.17241788	177	3R	42	8037741	21733600
47	SRR203348.17241788	177	3R	42	8037741	21733600
47	SRR203348.17241788	177	3R	42	8037741	21733600
47	SRR203348.17241788	177	3R	42	8037741	21733600
47	SRR203348.17241788	177	3R	42	8037741	21733600
47	SRR203348.17241788	177	3R	42	8037741	21733600
47	SRR203348.14411514	113	3R	42	8037750	21733566
47	SRR203348.14411514	113	3R	42	8037750	21733566
47	SRR203348.14411514	113	3R	42	8037750	21733566
47	SRR203348.14411514	113	3R	42	8037750	21733566
47	SRR203348.14411514	113	3R	42	8037750	21733566
47	SRR203348.14411514	113	3R	42	8037750	21733566
47	SRR203348.16905997	113	3R	60	8038024	21733153
47	SRR203348.16905997	113	3R	60	8038024	21733153
47	SRR203348.16905997	113	3R	60	8038024	21733153
47	SRR203348.16905997	113	3R	60	8038024	21733153
47	SRR203348.16905997	113	3R	60	8038024	21733153
47	SRR203348.16905997	113	3R	60	8038024	21733153
47	SRR203348.19011458	113	3R	60	8038119	21733162
47	SRR203348.19011458	113	3R	60	8038119	21733162
47	SRR203348.19011458	113	3R	60	8038119	21733162
47	SRR203348.19011458	113	3R	60	8038119	21733162
47	SRR203348.19011458	113	3R	60	8038119	21733162
47	SRR203348.19011458	113	3R	60	8038119	21733162
47	SRR203348.16082294	177	3R	60	8038126	21733193
47	SRR203348.16082294	177	3R	60	8038126	21733193
47	SRR203348.16082294	177	3R	60	8038126	21733193
47	SRR203348.16082294	177	3R	60	8038126	21733193
47	SRR203348.16082294	177	3R	60	8038126	21733193
47	SRR203348.16082294	177	3R	60	8038126	21733193
47	SRR203348.17931351	113	3R	60	8038131	21733159
47	SRR203348.17931351	113	3R	60	8038131	21733159
47	SRR203348.17931351	113	3R	60	8038131	21733159
47	SRR203348.17931351	113	3R	60	8038131	21733159
47	SRR203348.17931351	113	3R	60	8038131	21733159
47	SRR203348.17931351	113	3R	60	8038131	21733159
47	SRR203348.1438310	113	3R	60	8038136	21733146
47	SRR203348.1438310	113	3R	60	8038136	21733146
47	SRR203348.1438310	113	3R	60	8038136	21733146
47	SRR203348.1438310	113	3R	60	8038136	21733146
47	SRR203348.1438310	113	3R	60	8038136	21733146
47	SRR203348.1438310	113	3R	60	8038136	21733146
47	SRR203348.795752	113	3R	60	8038152	21733146
47	SRR203348.795752	113	3R	60	8038152	21733146
47	SRR203348.795752	113	3R	60	8038152	21733146
47	SRR203348.795752	113	3R	60	8038152	21733146
47	SRR203348.795752	113	3R	60	8038152	21733146
47	SRR203348.795752	113	3R	60	8038152	21733146
47	SRR203348.5940706	177	3R	60	8038168	21733136
47	SRR203348.5940706	177	3R	60	8038168	21733136
47	SRR203348.5940706	177	3R	60	8038168	21733136
47	SRR203348.5940706	177	3R	60	8038168	21733136
47	SRR203348.5940706	177	3R	60	8038168	21733136
47	SRR203348.5940706	177	3R	60	8038168	21733136
419	SRR203348.6381477	129	3R	55	8041007	21729632
419	SRR203348.13041514	65	3R	60	8041084	21729614
419	SRR203348.13803233	65	3R	29	8041028	21729649
419	SRR203348.15171609	129	3R	57	8041006	21729661
419	SRR203348.16468161	129	3R	60	8041084	21729614
419	SRR203348.17303626	129	3R	29	8041027	21729652
419	SRR203348.17392694	65	3R	29	8041027	21729678
47	SRR203348.4089472	113	3R	60	8035663	21733449
47	SRR203348.4089472	113	3R	60	8035663	21733449
47	SRR203348.4089472	113	3R	60	8035663	21733449
47	SRR203348.4089472	113	3R	60	8035663	21733449
47	SRR203348.4089472	113	3R	60	8035663	21733449
47	SRR203348.4089472	113	3R	60	8035663	21733449
47	SRR203348.11583479	113	3R	44	8037696	21733618
47	SRR203348.11583479	113	3R	44	8037696	21733618
47	SRR203348.11583479	113	3R	44	8037696	21733618
47	SRR203348.11583479	113	3R	44	8037696	21733618
47	SRR203348.11583479	113	3R	44	8037696	21733618
47	SRR203348.11583479	113	3R	44	8037696	21733618
47	SRR203348.3953061	177	3R	44	8037712	21733619
47	SRR203348.3953061	177	3R	44	8037712	21733619
47	SRR203348.3953061	177	3R	44	8037712	21733619
47	SRR203348.3953061	177	3R	44	8037712	21733619
47	SRR203348.3953061	177	3R	44	8037712	21733619
47	SRR203348.3953061	177	3R	44	8037712	21733619
47	SRR203348.17241788	177	3R	42	8037741	21733600
47	SRR203348.17241788	177	3R	42	8037741	21733600
47	SRR203348.17241788	177	3R	42	8037741	21733600
47	SRR203348.17241788	177	3R	42	8037741	21733600
47	SRR203348.17241788	177	3R	42	8037741	21733600
47	SRR203348.17241788	177	3R	42	8037741	21733600
47	SRR203348.14411514	113	3R	42	8037750	21733566
47	SRR203348.14411514	113	3R	42	8037750	21733566
47	SRR203348.14411514	113	3R	42	8037750	21733566
47	SRR203348.14411514	113	3R	42	8037750	21733566
47	SRR203348.14411514	113	3R	42	8037750	21733566
47	SRR203348.14411514	113	3R	42	8037750	21733566
47	SRR203348.16905997	113	3R	60	8038024	21733153
47	SRR203348.16905997	113	3R	60	8038024	21733153
47	SRR203348.16905997	113	3R	60	8038024	21733153
47	SRR203348.16905997	113	3R	60	8038024	21733153
47	SRR203348.16905997	113	3R	60	8038024	21733153
47	SRR203348.16905997	113	3R	60	8038024	21733153
47	SRR203348.19011458	113	3R	60	8038119	21733162
47	SRR203348.19011458	113	3R	60	8038119	21733162
47	SRR203348.19011458	113	3R	60	8038119	21733162
47	SRR203348.19011458	113	3R	60	8038119	21733162
47	SRR203348.19011458	113	3R	60	8038119	21733162
47	SRR203348.19011458	113	3R	60	8038119	21733162
47	SRR203348.16082294	177	3R	60	8038126	21733193
47	SRR203348.16082294	177	3R	60	8038126	21733193
47	SRR203348.16082294	177	3R	60	8038126	21733193
47	SRR203348.16082294	177	3R	60	8038126	21733193
47	SRR203348.16082294	177	3R	60	8038126	21733193
47	SRR203348.16082294	177	3R	60	8038126	21733193
47	SRR203348.17931351	113	3R	60	8038131	21733159
47	SRR203348.17931351	113	3R	60	8038131	21733159
47	SRR203348.17931351	113	3R	60	8038131	21733159
47	SRR203348.17931351	113	3R	60	8038131	21733159
47	SRR203348.17931351	113	3R	60	8038131	21733159
47	SRR203348.17931351	113	3R	60	8038131	21733159
47	SRR203348.1438310	113	3R	60	8038136	21733146
47	SRR203348.1438310	113	3R	60	8038136	21733146
47	SRR203348.1438310	113	3R	60	8038136	21733146
47	SRR203348.1438310	113	3R	60	8038136	21733146
47	SRR203348.1438310	113	3R	60	8038136	21733146
47	SRR203348.1438310	113	3R	60	8038136	21733146
47	SRR203348.795752	113	3R	60	8038152	21733146
47	SRR203348.795752	113	3R	60	8038152	21733146
47	SRR203348.795752	113	3R	60	8038152	21733146
47	SRR203348.795752	113	3R	60	8038152	21733146
47	SRR203348.795752	113	3R	60	8038152	21733146
47	SRR203348.795752	113	3R	60	8038152	21733146
47	SRR203348.5940706	177	3R	60	8038168	21733136
47	SRR203348.5940706	177	3R	60	8038168	21733136
47	SRR203348.5940706	177	3R	60	8038168	21733136
47	SRR203348.5940706	177	3R	60	8038168	21733136
47	SRR203348.5940706	177	3R	60	8038168	21733136
47	SRR203348.5940706	177	3R	60	8038168	21733136
815	SRR203348.13041514	65	3R	60	8041084	21729614
815	SRR203348.13803233	65	3R	29	8041028	21729649
815	SRR203348.15171609	129	3R	57	8041006	21729661
815	SRR203348.16468161	129	3R	60	8041084	21729614
815	SRR203348.17303626	129	3R	29	8041027	21729652
815	SRR203348.17392694	65	3R	29	8041027	21729678
47	SRR203348.4089472	113	3R	60	8035663	21733449
47	SRR203348.4089472	113	3R	60	8035663	21733449
47	SRR203348.4089472	113	3R	60	8035663	21733449
47	SRR203348.4089472	113	3R	60	8035663	21733449
47	SRR203348.4089472	113	3R	60	8035663	21733449
47	SRR203348.4089472	113	3R	60	8035663	21733449
47	SRR203348.11583479	113	3R	44	8037696	21733618
47	SRR203348.11583479	113	3R	44	8037696	21733618
47	SRR203348.11583479	113	3R	44	8037696	21733618
47	SRR203348.11583479	113	3R	44	8037696	21733618
47	SRR203348.11583479	113	3R	44	8037696	21733618
47	SRR203348.11583479	113	3R	44	8037696	21733618
47	SRR203348.3953061	177	3R	44	8037712	21733619
47	SRR203348.3953061	177	3R	44	8037712	21733619
47	SRR203348.3953061	177	3R	44	8037712	21733619
47	SRR203348.3953061	177	3R	44	8037712	21733619
47	SRR203348.3953061	177	3R	44	8037712	21733619
47	SRR203348.3953061	177	3R	44	8037712	21733619
47	SRR203348.17241788	177	3R	42	8037741	21733600
47	SRR203348.17241788	177	3R	42	8037741	21733600
47	SRR203348.17241788	177	3R	42	8037741	21733600
47	SRR203348.17241788	177	3R	42	8037741	21733600
47	SRR203348.17241788	177	3R	42	8037741	21733600
47	SRR203348.17241788	177	3R	42	8037741	21733600
47	SRR203348.14411514	113	3R	42	8037750	21733566
47	SRR203348.14411514	113	3R	42	8037750	21733566
47	SRR203348.14411514	113	3R	42	8037750	21733566
47	SRR203348.14411514	113	3R	42	8037750	21733566
47	SRR203348.14411514	113	3R	42	8037750	21733566
47	SRR203348.14411514	113	3R	42	8037750	21733566
47	SRR203348.16905997	113	3R	60	8038024	21733153
47	SRR203348.16905997	113	3R	60	8038024	21733153
47	SRR203348.16905997	113	3R	60	8038024	21733153
47	SRR203348.16905997	113	3R	60	8038024	21733153
47	SRR203348.16905997	113	3R	60	8038024	21733153
47	SRR203348.16905997	113	3R	60	8038024	21733153
47	SRR203348.19011458	113	3R	60	8038119	21733162
47	SRR203348.19011458	113	3R	60	8038119	21733162
47	SRR203348.19011458	113	3R	60	8038119	21733162
47	SRR203348.19011458	113	3R	60	8038119	21733162
47	SRR203348.19011458	113	3R	60	8038119	21733162
47	SRR203348.19011458	113	3R	60	8038119	21733162
47	SRR203348.16082294	177	3R	60	8038126	21733193
47	SRR203348.16082294	177	3R	60	8038126	21733193
47	SRR203348.16082294	177	3R	60	8038126	21733193
47	SRR203348.16082294	177	3R	60	8038126	21733193
47	SRR203348.16082294	177	3R	60	8038126	21733193
47	SRR203348.16082294	177	3R	60	8038126	21733193
47	SRR203348.17931351	113	3R	60	8038131	21733159
47	SRR203348.17931351	113	3R	60	8038131	21733159
47	SRR203348.17931351	113	3R	60	8038131	21733159
47	SRR203348.17931351	113	3R	60	8038131	21733159
47	SRR203348.17931351	113	3R	60	8038131	21733159
47	SRR203348.17931351	113	3R	60	8038131	21733159
47	SRR203348.1438310	113	3R	60	8038136	21733146
47	SRR203348.1438310	113	3R	60	8038136	21733146
47	SRR203348.1438310	113	3R	60	8038136	21733146
47	SRR203348.1438310	113	3R	60	8038136	21733146
47	SRR203348.1438310	113	3R	60	8038136	21733146
47	SRR203348.1438310	113	3R	60	8038136	21733146
47	SRR203348.795752	113	3R	60	8038152	21733146
47	SRR203348.795752	113	3R	60	8038152	21733146
47	SRR203348.795752	113	3R	60	8038152	21733146
47	SRR203348.795752	113	3R	60	8038152	21733146
47	SRR203348.795752	113	3R	60	8038152	21733146
47	SRR203348.795752	113	3R	60	8038152	21733146
47	SRR203348.5940706	177	3R	60	8038168	21733136
47	SRR203348.5940706	177	3R	60	8038168	21733136
47	SRR203348.5940706	177	3R	60	8038168	21733136
47	SRR203348.5940706	177	3R	60	8038168	21733136
47	SRR203348.5940706	177	3R	60	8038168	21733136
47	SRR203348.5940706	177	3R	60	8038168	21733136
865	SRR203348.13803233	65	3R	29	8041028	21729649
865	SRR203348.15171609	129	3R	57	8041006	21729661
865	SRR203348.16468161	129	3R	60	8041084	21729614
865	SRR203348.17303626	129	3R	29	8041027	21729652
865	SRR203348.17392694	65	3R	29	8041027	21729678
47	SRR203348.4089472	113	3R	60	8035663	21733449
47	SRR203348.4089472	113	3R	60	8035663	21733449
47	SRR203348.4089472	113	3R	60	8035663	21733449
47	SRR203348.4089472	113	3R	60	8035663	21733449
47	SRR203348.4089472	113	3R	60	8035663	21733449
47	SRR203348.4089472	113	3R	60	8035663	21733449
47	SRR203348.11583479	113	3R	44	8037696	21733618
47	SRR203348.11583479	113	3R	44	8037696	21733618
47	SRR203348.11583479	113	3R	44	8037696	21733618
47	SRR203348.11583479	113	3R	44	8037696	21733618
47	SRR203348.11583479	113	3R	44	8037696	21733618
47	SRR203348.11583479	113	3R	44	8037696	21733618
47	SRR203348.3953061	177	3R	44	8037712	21733619
47	SRR203348.3953061	177	3R	44	8037712	21733619
47	SRR203348.3953061	177	3R	44	8037712	21733619
47	SRR203348.3953061	177	3R	44	8037712	21733619
47	SRR203348.3953061	177	3R	44	8037712	21733619
47	SRR203348.3953061	177	3R	44	8037712	21733619
47	SRR203348.17241788	177	3R	42	8037741	21733600
47	SRR203348.17241788	177	3R	42	8037741	21733600
47	SRR203348.17241788	177	3R	42	8037741	21733600
47	SRR203348.17241788	177	3R	42	8037741	21733600
47	SRR203348.17241788	177	3R	42	8037741	21733600
47	SRR203348.17241788	177	3R	42	8037741	21733600
47	SRR203348.14411514	113	3R	42	8037750	21733566
47	SRR203348.14411514	113	3R	42	8037750	21733566
47	SRR203348.14411514	113	3R	42	8037750	21733566
47	SRR203348.14411514	113	3R	42	8037750	21733566
47	SRR203348.14411514	113	3R	42	8037750	21733566
47	SRR203348.14411514	113	3R	42	8037750	21733566
47	SRR203348.16905997	113	3R	60	8038024	21733153
47	SRR203348.16905997	113	3R	60	8038024	21733153
47	SRR203348.16905997	113	3R	60	8038024	21733153
47	SRR203348.16905997	113	3R	60	8038024	21733153
47	SRR203348.16905997	113	3R	60	8038024	21733153
47	SRR203348.16905997	113	3R	60	8038024	21733153
47	SRR203348.19011458	113	3R	60	8038119	21733162
47	SRR203348.19011458	113	3R	60	8038119	21733162
47	SRR203348.19011458	113	3R	60	8038119	21733162
47	SRR203348.19011458	113	3R	60	8038119	21733162
47	SRR203348.19011458	113	3R	60	8038119	21733162
47	SRR203348.19011458	113	3R	60	8038119	21733162
47	SRR203348.16082294	177	3R	60	8038126	21733193
47	SRR203348.16082294	177	3R	60	8038126	21733193
47	SRR203348.16082294	177	3R	60	8038126	21733193
47	SRR203348.16082294	177	3R	60	8038126	21733193
47	SRR203348.16082294	177	3R	60	8038126	21733193
47	SRR203348.16082294	177	3R	60	8038126	21733193
47	SRR203348.17931351	113	3R	60	8038131	21733159
47	SRR203348.17931351	113	3R	60	8038131	21733159
47	SRR203348.17931351	113	3R	60	8038131	21733159
47	SRR203348.17931351	113	3R	60	8038131	21733159
47	SRR203348.17931351	113	3R	60	8038131	21733159
47	SRR203348.17931351	113	3R	60	8038131	21733159
47	SRR203348.1438310	113	3R	60	8038136	21733146
47	SRR203348.1438310	113	3R	60	8038136	21733146
47	SRR203348.1438310	113	3R	60	8038136	21733146
47	SRR203348.1438310	113	3R	60	8038136	21733146
47	SRR203348.1438310	113	3R	60	8038136	21733146
47	SRR203348.1438310	113	3R	60	8038136	21733146
47	SRR203348.795752	113	3R	60	8038152	21733146
47	SRR203348.795752	113	3R	60	8038152	21733146
47	SRR203348.795752	113	3R	60	8038152	21733146
47	SRR203348.795752	113	3R	60	8038152	21733146
47	SRR203348.795752	113	3R	60	8038152	21733146
47	SRR203348.795752	113	3R	60	8038152	21733146
47	SRR203348.5940706	177	3R	60	8038168	21733136
47	SRR203348.5940706	177	3R	60	8038168	21733136
47	SRR203348.5940706	177	3R	60	8038168	21733136
47	SRR203348.5940706	177	3R	60	8038168	21733136
47	SRR203348.5940706	177	3R	60	8038168	21733136
47	SRR203348.5940706	177	3R	60	8038168	21733136
