194	65	2L	13604007	23063088	13604061	23063155	6 
753	177	2L	13604138	23063064	13604234	23063153	7 

2	129	X	15955951	21471667	15956109	21472064	28
88	113	X	15956289	21471600	15956391	21471950	18

9	129	X	2425951	6951426	2426406	6952136	6 
326	177	X	2425155	6952399	2425710	6952867	5

117	129	X	8451055	23020488	8451155	23021742	15
1345	113	X	8451348	23020685	8451447	23021455	5 

7	2225	2R	14589194	18774215	14591331	18774525	31
1	113	2R	14589194	18774212	14591376	18774520	14

141	65	3R	8036577	21733144	8036675	21733231	10
62	113	3R	8050251	21735744	8050344	21735865	14

154	65	3R	8043565	21728153	8043604	21728212	10 
62	113	3R	8050317	21735744	8050344	21735865	14

237	2161	3R	443453	2833169	443483	2833209	6
178	2113	3R	443022	2833187	443451	2833274	12

244	129	3R	8049110	21735328	8050342	21736550	7
335	177	3R	8038018	21730411	8040242	21733246	15

