0	65	X	8451037	23020845	8451153	23021730	18	False
93	113	X	8451350	23020501	8451451	23021578	16	False
11	65	2R	15390933	20276075	15391152	20276313	22	True
2	177	2R	15389059	20274351	15389192	20274454	22	True
25	129	3R	8037339	21733154	8037736	21733769	29	True
47	113	3R	8035663	21733136	8038168	21733619	12	True
78	129	3R	8050031	21734886	8050804	21735696	8	True
47	177	3R	8038168	21733136	8038168	21733619	12	True
82	129	3R	8041006	21729256	8041457	21729661	7	True
47	177	3R	8038168	21733136	8038168	21733619	12	True
419	129	3R	8041007	21729614	8041027	21729678	7	True
47	177	3R	8038168	21733136	8038168	21733619	12	True
815	65	3R	8041084	21729614	8041027	21729678	6	True
47	177	3R	8038168	21733136	8038168	21733619	12	True
865	65	3R	8041028	21729614	8041027	21729678	5	True
47	177	3R	8038168	21733136	8038168	21733619	12	True
